0
500
0
516
0
532
0
548
0
564
0
580
0
596
0
612
0
628
0
644
0
660
0
676
0
692
0
708
0
724
0
740
0
756
0
772
0
788
0
804
0
820
0
836
16
500
16
516
16
532
16
548
16
564
16
580
16
596
16
612
16
628
16
644
16
660
16
676
16
692
16
708
16
724
16
740
16
756
16
772
16
788
16
804
16
820
16
836
32
500
32
516
32
532
32
548
32
564
32
580
32
596
32
612
32
628
32
644
32
660
32
676
32
692
32
708
32
724
32
240
32
256
32
272
32
288
32
304
32
320
32
836
48
500
48
516
48
532
48
548
48
564
48
580
48
596
48
612
48
628
48
644
48
660
48
676
48
692
48
708
48
724
48
240
48
256
48
272
48
288
48
304
48
320
48
836
64
500
64
516
64
532
64
548
64
564
64
580
64
596
64
612
64
628
64
644
64
660
64
676
64
692
64
708
64
724
64
240
64
256
64
272
64
288
64
304
64
320
64
836
80
500
80
516
80
532
80
548
80
564
80
580
80
596
80
612
80
628
80
644
80
660
80
676
80
692
80
708
80
724
80
240
80
256
80
272
80
288
80
304
80
320
80
836
96
500
96
516
96
532
96
548
96
564
96
580
96
596
96
612
96
628
96
644
96
660
96
676
96
692
96
708
96
724
96
240
96
256
96
272
96
288
96
304
96
320
96
836
112
500
112
516
112
532
112
548
112
564
112
580
112
596
112
612
112
628
112
644
112
660
112
676
112
692
112
708
112
724
112
240
112
256
112
272
112
288
112
304
112
320
112
836
128
500
128
516
128
532
128
548
128
564
128
580
128
596
128
612
128
628
128
644
128
660
128
676
128
692
128
708
128
724
128
240
128
256
128
272
128
288
128
304
128
320
128
836
144
500
144
516
144
532
144
548
144
564
144
580
144
596
144
612
144
628
144
644
144
660
144
676
144
692
144
708
144
724
144
240
144
256
144
272
144
288
144
304
144
320
144
836
160
500
160
516
160
532
160
548
160
564
160
580
160
596
160
612
160
628
160
644
160
660
160
676
160
692
160
708
160
724
160
240
160
256
160
272
160
288
160
304
160
320
160
836
176
500
176
516
176
532
176
548
176
564
176
580
176
596
176
612
176
628
176
644
176
660
176
676
176
692
176
708
176
724
176
240
176
256
176
272
176
288
176
304
176
320
176
836
192
500
192
516
192
532
192
548
192
564
192
580
192
596
192
612
192
628
192
644
192
660
192
676
192
692
192
708
192
724
192
240
192
256
192
272
192
288
192
304
192
320
192
836
208
500
208
516
208
532
208
548
208
564
208
580
208
596
208
612
208
628
208
644
208
660
208
676
208
692
208
708
208
724
208
240
208
256
208
272
208
288
208
304
208
320
208
836
224
500
224
516
224
532
224
548
224
564
224
580
224
596
224
612
224
628
224
644
224
660
224
676
224
692
224
708
224
724
224
240
224
256
224
272
224
288
224
304
224
320
224
836
240
500
240
516
240
532
240
548
240
564
240
580
240
596
240
612
240
628
240
644
240
660
240
676
240
692
240
708
240
724
240
240
240
256
240
772
240
788
240
804
240
820
240
836
256
500
256
516
256
532
256
548
256
564
256
580
256
596
256
612
256
628
256
644
256
660
256
676
256
692
256
708
256
724
256
240
256
256
256
772
256
788
256
804
256
820
256
836
272
500
272
516
272
532
272
548
272
564
272
580
272
596
272
612
272
628
272
644
272
660
272
676
272
692
272
708
272
724
272
240
272
256
272
772
272
288
272
304
272
320
272
836
288
500
288
516
288
532
288
548
288
564
288
580
288
596
288
612
288
628
288
644
288
660
288
676
288
692
288
708
288
724
288
240
288
256
288
772
288
288
288
304
288
320
288
836
304
500
304
516
304
532
304
548
304
564
304
580
304
596
304
612
304
628
304
644
304
660
304
676
304
692
304
708
304
724
304
240
304
256
304
772
304
288
304
304
304
320
304
836
320
500
320
516
320
532
320
548
320
564
320
580
320
596
320
612
320
628
320
644
320
660
320
676
320
692
320
708
320
724
320
240
320
256
320
772
320
288
320
304
320
320
320
836
336
500
336
516
336
532
336
548
336
564
336
580
336
596
336
612
336
628
336
644
336
660
336
676
336
692
336
708
336
724
336
240
336
256
336
772
336
288
336
304
336
320
336
836
352
500
352
516
352
532
352
548
352
564
352
580
352
596
352
612
352
628
352
644
352
660
352
676
352
692
352
708
352
724
352
240
352
256
352
772
352
788
352
304
352
320
352
836
368
500
368
516
368
532
368
548
368
564
368
580
368
596
368
612
368
628
368
644
368
660
368
676
368
692
368
708
368
724
368
240
368
256
368
772
368
788
368
304
368
320
368
836
384
500
384
516
384
532
384
548
384
564
384
580
384
596
384
612
384
628
384
644
384
660
384
676
384
692
384
708
384
724
384
240
384
256
384
272
384
288
384
304
384
320
384
836
400
500
400
516
400
532
400
548
400
564
400
580
400
596
400
612
400
628
400
644
400
660
400
676
400
692
400
708
400
724
400
240
400
256
400
272
400
288
400
304
400
320
400
836
416
500
416
516
416
532
416
548
416
564
416
580
416
596
416
612
416
628
416
644
416
660
416
676
416
692
416
708
416
724
416
740
416
756
416
772
416
788
416
304
416
320
416
836
432
500
432
516
432
532
432
548
432
564
432
580
432
596
432
612
432
628
432
644
432
660
432
676
432
692
432
708
432
724
432
740
432
756
432
772
432
788
432
304
432
320
432
836
448
500
448
516
448
532
448
548
448
564
448
580
448
596
448
612
448
628
448
644
448
660
448
676
448
692
448
708
448
724
448
240
448
256
448
272
448
288
448
304
448
320
448
836
464
500
464
516
464
532
464
548
464
564
464
580
464
596
464
612
464
628
464
644
464
660
464
676
464
692
464
708
464
724
464
240
464
256
464
272
464
288
464
304
464
320
464
836
480
500
480
516
480
532
480
548
480
564
480
580
480
596
480
612
480
628
480
644
480
660
480
676
480
692
480
708
480
724
480
240
480
256
480
772
480
788
480
804
480
820
480
836
496
500
496
516
496
532
496
548
496
564
496
580
496
596
496
612
496
628
496
644
496
660
496
676
496
692
496
708
496
724
496
240
496
256
496
772
496
788
496
804
496
820
496
836
512
500
512
516
512
532
512
548
512
564
512
580
512
596
512
612
512
628
512
644
512
660
512
676
512
692
512
708
512
724
512
240
512
256
512
272
512
288
512
304
512
320
512
836
528
500
528
516
528
532
528
548
528
564
528
580
528
596
528
612
528
628
528
644
528
660
528
676
528
692
528
708
528
724
528
240
528
256
528
272
528
288
528
304
528
320
528
836
544
500
544
516
544
532
544
548
544
564
544
580
544
596
544
612
544
628
544
644
544
660
544
676
544
692
544
708
544
724
544
740
544
756
544
272
544
288
544
304
544
320
544
836
560
500
560
516
560
532
560
548
560
564
560
580
560
596
560
612
560
628
560
644
560
660
560
676
560
692
560
708
560
724
560
740
560
756
560
272
560
288
560
304
560
320
560
836
576
500
576
516
576
532
576
548
576
564
576
580
576
596
576
612
576
628
576
644
576
660
576
676
576
692
576
708
576
724
576
240
576
256
576
272
576
288
576
304
576
320
576
836
592
500
592
516
592
532
592
548
592
564
592
580
592
596
592
612
592
628
592
644
592
660
592
676
592
692
592
708
592
724
592
240
592
256
592
272
592
288
592
304
592
320
592
836
608
500
608
516
608
532
608
548
608
564
608
580
608
596
608
612
608
628
608
644
608
660
608
676
608
692
608
708
608
724
608
240
608
256
608
272
608
288
608
304
608
320
608
836
624
500
624
516
624
532
624
548
624
564
624
580
624
596
624
612
624
628
624
644
624
660
624
676
624
692
624
708
624
724
624
240
624
256
624
272
624
288
624
304
624
320
624
836
640
500
640
516
640
532
640
548
640
564
640
580
640
596
640
612
640
628
640
644
640
660
640
676
640
692
640
708
640
724
640
240
640
256
640
272
640
288
640
304
640
320
640
836
656
500
656
516
656
532
656
548
656
564
656
580
656
596
656
612
656
628
656
644
656
660
656
676
656
692
656
708
656
724
656
240
656
256
656
772
656
788
656
804
656
820
656
836
672
500
672
516
672
532
672
548
672
564
672
580
672
596
672
612
672
628
672
644
672
660
672
676
672
692
672
708
672
724
672
240
672
256
672
772
672
788
672
804
672
820
672
836
688
500
688
516
688
532
688
548
688
564
688
580
688
596
688
612
688
628
688
644
688
660
688
676
688
692
688
708
688
724
688
240
688
256
688
772
688
788
688
804
688
820
688
836
704
500
704
516
704
532
704
548
704
564
704
580
704
596
704
612
704
628
704
644
704
660
704
676
704
692
704
708
704
724
704
240
704
256
704
772
704
788
704
804
704
820
704
836
720
500
720
516
720
532
720
548
720
564
720
580
720
596
720
612
720
628
720
644
720
660
720
676
720
692
720
708
720
724
720
240
720
256
720
772
720
788
720
804
720
820
720
836
736
500
736
516
736
532
736
548
736
564
736
580
736
596
736
612
736
628
736
644
736
660
736
676
736
692
736
708
736
724
736
240
736
256
736
272
736
288
736
304
736
320
736
836
752
500
752
516
752
532
752
548
752
564
752
580
752
596
752
612
752
628
752
644
752
660
752
676
752
692
752
708
752
724
752
240
752
256
752
272
752
288
752
304
752
320
752
836
768
500
768
516
768
532
768
548
768
564
768
580
768
596
768
612
768
628
768
644
768
660
768
676
768
692
768
708
768
724
768
240
768
256
768
272
768
288
768
304
768
320
768
836
784
500
784
516
784
532
784
548
784
564
784
580
784
596
784
612
784
628
784
644
784
660
784
676
784
692
784
708
784
724
784
240
784
256
784
272
784
288
784
304
784
320
784
836
800
500
800
516
800
532
800
548
800
564
800
580
800
596
800
612
800
628
800
644
800
660
800
676
800
692
800
708
800
724
800
240
800
256
800
272
800
288
800
304
800
320
800
836
816
500
816
516
816
532
816
548
816
564
816
580
816
596
816
612
816
628
816
644
816
660
816
676
816
692
816
708
816
724
816
240
816
256
816
272
816
288
816
304
816
320
816
836
832
500
832
516
832
532
832
548
832
564
832
580
832
596
832
612
832
628
832
644
832
660
832
676
832
692
832
708
832
724
832
240
832
256
832
272
832
288
832
304
832
320
832
836
848
500
848
516
848
532
848
548
848
564
848
580
848
596
848
612
848
628
848
644
848
660
848
676
848
692
848
708
848
724
848
240
848
256
848
272
848
288
848
304
848
320
848
836
864
500
864
516
864
532
864
548
864
564
864
580
864
596
864
612
864
628
864
644
864
660
864
676
864
692
864
708
864
724
864
240
864
256
864
272
864
288
864
304
864
320
864
836
880
500
880
516
880
532
880
548
880
564
880
580
880
596
880
612
880
628
880
644
880
660
880
676
880
692
880
708
880
724
880
240
880
256
880
272
880
288
880
304
880
320
880
836
896
500
896
516
896
532
896
548
896
564
896
580
896
596
896
612
896
628
896
644
896
660
896
676
896
692
896
708
896
724
896
240
896
256
896
272
896
288
896
304
896
320
896
836
912
500
912
516
912
532
912
548
912
564
912
580
912
596
912
612
912
628
912
644
912
660
912
676
912
692
912
708
912
724
912
240
912
256
912
272
912
288
912
304
912
320
912
836
928
500
928
516
928
532
928
548
928
564
928
580
928
596
928
612
928
628
928
644
928
660
928
676
928
692
928
708
928
724
928
240
928
256
928
272
928
288
928
304
928
320
928
836
944
500
944
516
944
532
944
548
944
564
944
580
944
596
944
612
944
628
944
644
944
660
944
676
944
692
944
708
944
724
944
240
944
256
944
272
944
288
944
304
944
320
944
836
960
500
960
516
960
532
960
548
960
564
960
580
960
596
960
612
960
628
960
644
960
660
960
676
960
692
960
708
960
724
960
240
960
256
960
272
960
288
960
304
960
320
960
836
976
500
976
516
976
532
976
548
976
564
976
580
976
596
976
612
976
628
976
644
976
660
976
676
976
692
976
708
976
724
976
240
976
256
976
272
976
288
976
304
976
320
976
836
992
500
992
516
992
532
992
548
992
564
992
580
992
596
992
612
992
628
992
644
992
660
992
676
992
692
992
708
992
724
992
240
992
256
992
272
992
288
992
304
992
320
992
836
1008
500
1008
516
1008
532
1008
548
1008
564
1008
580
1008
596
1008
612
1008
628
1008
644
1008
660
1008
676
1008
692
1008
708
1008
724
1008
240
1008
256
1008
272
1008
288
1008
304
1008
320
1008
836
1024
500
1024
516
1024
532
1024
548
1024
564
1024
580
1024
596
1024
612
1024
628
1024
644
1024
660
1024
676
1024
692
1024
708
1024
724
1024
240
1024
256
1024
272
1024
288
1024
304
1024
320
1024
836
1040
500
1040
516
1040
532
1040
548
1040
564
1040
580
1040
596
1040
612
1040
628
1040
644
1040
660
1040
676
1040
692
1040
708
1040
724
1040
240
1040
256
1040
272
1040
288
1040
304
1040
320
1040
836
1056
500
1056
516
1056
532
1056
548
1056
564
1056
580
1056
596
1056
612
1056
628
1056
644
1056
660
1056
676
1056
692
1056
708
1056
724
1056
740
1056
756
1056
772
1056
788
1056
304
1056
320
1056
836
1072
500
1072
516
1072
532
1072
548
1072
564
1072
580
1072
596
1072
612
1072
628
1072
644
1072
660
1072
676
1072
692
1072
708
1072
724
1072
740
1072
756
1072
772
1072
788
1072
304
1072
320
1072
836
1088
500
1088
516
1088
532
1088
548
1088
564
1088
580
1088
596
1088
612
1088
628
1088
644
1088
660
1088
676
1088
692
1088
708
1088
724
1088
240
1088
256
1088
272
1088
288
1088
304
1088
320
1088
836
1104
500
1104
516
1104
532
1104
548
1104
564
1104
580
1104
596
1104
612
1104
628
1104
644
1104
660
1104
676
1104
692
1104
708
1104
724
1104
240
1104
256
1104
272
1104
288
1104
304
1104
320
1104
836
1120
500
1120
516
1120
532
1120
548
1120
564
1120
580
1120
596
1120
612
1120
628
1120
644
1120
660
1120
676
1120
692
1120
708
1120
724
1120
240
1120
256
1120
272
1120
288
1120
304
1120
320
1120
836
1136
500
1136
516
1136
532
1136
548
1136
564
1136
580
1136
596
1136
612
1136
628
1136
644
1136
660
1136
676
1136
692
1136
708
1136
724
1136
240
1136
256
1136
272
1136
288
1136
304
1136
320
1136
836
1152
500
1152
516
1152
532
1152
548
1152
564
1152
580
1152
596
1152
612
1152
628
1152
644
1152
660
1152
676
1152
692
1152
708
1152
724
1152
240
1152
256
1152
272
1152
288
1152
304
1152
320
1152
836
1168
500
1168
516
1168
532
1168
548
1168
564
1168
580
1168
596
1168
612
1168
628
1168
644
1168
660
1168
676
1168
692
1168
708
1168
724
1168
240
1168
256
1168
272
1168
288
1168
304
1168
320
1168
836
1184
500
1184
516
1184
532
1184
548
1184
564
1184
580
1184
596
1184
612
1184
628
1184
644
1184
660
1184
676
1184
692
1184
708
1184
724
1184
240
1184
256
1184
272
1184
288
1184
304
1184
320
1184
836
1200
500
1200
516
1200
532
1200
548
1200
564
1200
580
1200
596
1200
612
1200
628
1200
644
1200
660
1200
676
1200
692
1200
708
1200
724
1200
740
1200
756
1200
272
1200
288
1200
804
1200
820
1200
836
1216
500
1216
516
1216
532
1216
548
1216
564
1216
580
1216
596
1216
612
1216
628
1216
644
1216
660
1216
676
1216
692
1216
708
1216
724
1216
740
1216
756
1216
272
1216
288
1216
804
1216
820
1216
836
1232
500
1232
516
1232
532
1232
548
1232
564
1232
580
1232
596
1232
612
1232
628
1232
644
1232
660
1232
676
1232
692
1232
708
1232
724
1232
240
1232
256
1232
272
1232
288
1232
304
1232
320
1232
836
1248
500
1248
516
1248
532
1248
548
1248
564
1248
580
1248
596
1248
612
1248
628
1248
644
1248
660
1248
676
1248
692
1248
708
1248
724
1248
240
1248
256
1248
272
1248
288
1248
304
1248
320
1248
836
1264
500
1264
516
1264
532
1264
548
1264
564
1264
580
1264
596
1264
612
1264
628
1264
644
1264
660
1264
676
1264
692
1264
708
1264
724
1264
240
1264
256
1264
272
1264
288
1264
304
1264
320
1264
836
1280
500
1280
516
1280
532
1280
548
1280
564
1280
580
1280
596
1280
612
1280
628
1280
644
1280
660
1280
676
1280
692
1280
708
1280
724
1280
240
1280
256
1280
772
1280
788
1280
804
1280
820
1280
836
1296
500
1296
516
1296
532
1296
548
1296
564
1296
580
1296
596
1296
612
1296
628
1296
644
1296
660
1296
676
1296
692
1296
708
1296
724
1296
240
1296
256
1296
772
1296
788
1296
804
1296
820
1296
836
1312
500
1312
16
1312
32
1312
48
1312
564
1312
80
1312
96
1312
112
1312
128
1312
144
-200
0
1312
176
1312
192
1312
208
1312
724
1312
240
1312
256
1312
272
1312
288
1312
304
1312
320
1312
836
1328
500
1328
16
1328
32
1328
48
1328
564
1328
80
1328
96
1328
112
1328
128
1328
144
-200
0
1328
176
1328
192
1328
208
1328
724
1328
240
1328
256
1328
272
1328
288
1328
304
1328
320
1328
836
1344
500
1344
16
1344
32
1344
48
1344
564
1344
80
1344
96
1344
112
1344
128
1344
144
-200
0
1344
176
1344
192
1344
208
1344
724
1344
740
1344
756
1344
772
1344
788
1344
304
1344
320
1344
836
1360
500
1360
16
1360
32
1360
48
1360
564
1360
80
1360
96
1360
612
1360
128
1360
144
1360
160
1360
176
1360
192
1360
208
1360
724
1360
740
1360
756
1360
772
1360
788
1360
304
1360
320
1360
836
1376
500
1376
16
1376
32
1376
48
1376
564
1376
80
1376
96
1376
612
1376
128
1376
144
1376
160
1376
176
1376
192
1376
208
1376
724
1376
240
1376
256
1376
272
1376
288
1376
304
1376
320
1376
836
1392
500
1392
16
1392
32
1392
48
1392
564
1392
80
1392
96
1392
612
1392
128
1392
144
1392
160
1392
176
1392
192
1392
708
1392
724
1392
240
1392
256
1392
272
1392
288
1392
304
1392
320
1392
836
1408
500
1408
16
1408
32
1408
48
1408
564
1408
80
1408
96
1408
612
1408
128
1408
144
1408
160
1408
176
1408
692
1408
708
1408
724
1408
240
1408
256
1408
272
1408
788
1408
304
1408
320
1408
836
1424
500
1424
16
1424
32
1424
48
1424
564
1424
80
1424
96
1424
612
1424
128
1424
144
1424
160
1424
676
1424
692
1424
208
1424
724
1424
240
1424
256
1424
272
1424
788
1424
304
1424
320
1424
836
1440
500
1440
16
1440
32
1440
48
1440
564
1440
80
1440
96
1440
612
1440
128
1440
144
1440
660
1440
676
1440
192
1440
208
1440
724
1440
240
1440
256
1440
772
1440
788
1440
804
1440
820
1440
836
1456
500
1456
16
1456
32
1456
48
1456
564
1456
80
1456
96
1456
612
1456
128
1456
144
1456
660
1456
176
1456
192
1456
208
1456
724
1456
240
1456
256
1456
772
1456
788
1456
804
1456
820
1456
836
1472
500
1472
16
1472
32
1472
48
1472
564
1472
80
1472
96
1472
612
1472
128
1472
144
1472
160
1472
176
1472
192
1472
208
1472
724
1472
240
1472
256
1472
272
1472
288
1472
304
1472
320
1472
836
1488
500
1488
16
1488
32
1488
48
1488
564
1488
80
1488
96
1488
612
1488
128
1488
144
1488
160
1488
176
1488
192
1488
208
1488
724
1488
240
1488
256
1488
272
1488
288
1488
304
1488
320
1488
836
1504
500
1504
16
1504
32
1504
48
1504
564
1504
80
1504
96
1504
612
1504
128
1504
144
1504
660
1504
176
1504
192
1504
208
1504
724
1504
240
1504
256
1504
272
1504
288
1504
304
1504
320
1504
836
1520
500
1520
16
1520
32
1520
48
1520
564
1520
80
1520
96
1520
612
1520
128
1520
144
1520
660
1520
676
1520
192
1520
208
1520
724
1520
740
1520
756
1520
772
1520
788
1520
304
1520
320
1520
836
1536
500
1536
16
1536
32
1536
48
1536
564
1536
80
1536
96
1536
612
1536
128
1536
144
1536
160
1536
676
1536
692
1536
208
1536
724
1536
740
1536
756
1536
772
1536
788
1536
304
1536
320
1536
836
1552
500
1552
16
1552
32
1552
48
1552
64
1552
80
1552
96
1552
612
1552
128
1552
144
1552
160
1552
176
1552
692
1552
708
1552
724
1552
240
1552
256
1552
272
1552
288
1552
304
1552
320
1552
836
1568
500
1568
16
1568
32
1568
48
1568
64
1568
80
1568
96
1568
612
1568
128
1568
144
1568
160
1568
176
1568
192
1568
708
1568
724
1568
240
1568
256
1568
272
1568
288
1568
304
1568
320
1568
836
1584
500
1584
16
1584
32
1584
48
1584
64
1584
80
1584
96
1584
612
1584
128
1584
144
1584
160
1584
176
1584
192
1584
208
1584
724
1584
240
1584
256
1584
272
1584
788
1584
304
1584
320
1584
836
1600
500
1600
16
1600
32
1600
48
1600
64
1600
80
1600
96
1600
612
1600
128
1600
144
1600
160
1600
176
1600
192
1600
208
1600
224
1600
240
1600
256
1600
272
1600
788
1600
304
1600
320
1600
836
1616
500
1616
16
1616
32
1616
48
1616
64
1616
80
1616
96
1616
612
1616
128
1616
144
1616
160
1616
176
1616
192
1616
208
1616
224
1616
240
1616
256
1616
272
1616
788
1616
804
1616
820
1616
836
1632
500
1632
516
1632
532
1632
548
1632
564
1632
80
1632
96
1632
612
1632
628
1632
644
1632
660
1632
676
1632
692
1632
708
1632
724
1632
740
1632
756
1632
772
1632
788
1632
804
1632
820
1632
836
1648
500
1648
516
1648
532
1648
548
1648
564
1648
80
1648
96
1648
612
1648
628
1648
644
1648
660
1648
676
1648
692
1648
708
1648
724
1648
740
1648
756
1648
772
1648
788
1648
804
1648
820
1648
836
1664
500
1664
516
1664
532
1664
548
1664
564
1664
580
1664
596
1664
612
1664
628
1664
644
1664
660
1664
676
1664
692
1664
708
1664
724
1664
740
1664
756
1664
772
1664
788
1664
804
1664
820
1664
836
1680
500
1680
516
1680
532
1680
548
1680
564
1680
580
1680
596
1680
612
1680
628
1680
644
1680
660
1680
676
1680
692
1680
708
1680
724
1680
740
1680
756
1680
772
1680
788
1680
804
1680
820
1680
836
1696
500
1696
516
1696
532
1696
548
1696
564
1696
580
1696
596
1696
612
1696
628
1696
644
1696
660
1696
676
1696
692
1696
708
1696
724
1696
740
1696
756
1696
772
1696
788
1696
804
1696
820
1696
836
1712
500
1712
516
1712
532
1712
548
1712
564
1712
580
1712
596
1712
612
1712
628
1712
644
1712
660
1712
676
1712
692
1712
708
1712
724
1712
740
1712
756
1712
772
1712
788
1712
804
1712
820
1712
836
1728
500
1728
516
1728
532
1728
548
1728
564
1728
580
1728
596
1728
612
1728
628
1728
644
1728
660
1728
676
1728
692
1728
708
1728
724
1728
740
1728
756
1728
772
1728
788
1728
804
1728
820
1728
836
1744
500
1744
516
1744
532
1744
548
1744
564
1744
580
1744
596
1744
612
1744
628
1744
644
1744
660
1744
676
1744
692
1744
708
1744
724
1744
740
1744
756
1744
772
1744
788
1744
804
1744
820
1744
836
1760
500
1760
516
1760
532
1760
548
1760
564
1760
580
1760
596
1760
612
1760
628
1760
644
1760
660
1760
676
1760
692
1760
708
1760
724
1760
740
1760
756
1760
772
1760
788
1760
804
1760
820
1760
836
1776
500
1776
516
1776
532
1776
548
1776
564
1776
580
1776
596
1776
612
1776
628
1776
644
1776
660
1776
676
1776
692
1776
708
1776
724
1776
740
1776
756
1776
772
1776
788
1776
804
1776
820
1776
836
1792
500
1792
516
1792
532
1792
548
1792
564
1792
580
1792
596
1792
612
1792
628
1792
644
1792
660
1792
676
1792
692
1792
708
1792
724
1792
740
1792
756
1792
772
1792
788
1792
804
1792
820
1792
836
