0
500
0
516
0
532
0
548
0
564
0
580
0
596
0
612
16
500
16
516
16
532
16
548
16
564
16
580
16
596
16
612
32
500
32
16
32
32
32
48
32
64
32
80
32
96
32
612
48
500
48
16
48
32
48
48
48
64
48
80
48
96
48
612
64
500
64
16
64
32
64
48
64
64
64
80
64
96
64
612
80
500
80
516
80
532
80
548
80
564
80
80
80
96
80
612
96
500
96
516
96
532
96
548
96
564
96
80
96
96
96
612
112
500
112
516
112
532
112
548
112
564
112
80
112
96
112
612
128
500
128
516
128
532
128
548
128
564
128
80
128
96
128
612
144
500
144
516
144
532
144
548
144
564
144
80
144
96
144
612
160
500
160
16
160
32
160
48
160
64
160
80
160
96
160
612
176
500
176
16
176
32
176
48
176
64
176
80
176
96
176
612
192
500
192
16
192
32
192
48
192
64
192
80
192
96
192
612
208
500
208
16
208
32
208
548
208
564
208
580
208
596
208
612
224
500
224
16
224
32
224
548
224
564
224
580
224
596
224
612
240
500
240
16
240
32
240
48
240
64
240
80
240
96
240
612
256
500
256
16
256
32
256
48
256
64
256
80
256
96
256
612
272
500
272
16
272
32
272
48
272
64
272
80
272
96
272
612
288
500
288
16
288
32
288
48
288
64
288
80
288
96
288
612
304
500
304
16
304
32
304
48
304
64
304
80
304
96
304
612
320
500
320
516
320
532
320
548
320
564
320
80
320
96
320
612
336
500
336
516
336
532
336
548
336
564
336
80
336
96
336
612
352
500
352
516
352
532
352
548
352
564
352
80
352
96
352
612
368
500
368
16
368
32
368
48
368
64
368
80
368
96
368
612
384
500
384
16
384
32
384
48
384
64
384
80
384
96
384
612
400
500
400
16
400
32
400
48
400
564
400
580
400
596
400
612
416
500
416
16
416
32
416
48
416
564
416
580
416
596
416
612
432
500
432
16
432
32
432
48
432
564
432
80
432
96
432
612
448
500
448
16
448
32
448
48
448
564
448
80
448
96
448
612
464
500
464
16
464
32
464
48
464
64
464
80
464
96
464
612
480
500
480
16
480
32
480
48
480
64
480
80
480
96
480
612
496
500
496
16
496
32
496
48
496
564
496
80
496
96
496
612
512
500
512
516
512
32
512
48
512
564
512
580
512
96
512
612
528
500
-200
0
528
32
528
48
528
564
528
580
528
96
528
612
544
500
544
16
544
32
544
48
544
564
544
80
544
96
544
612
560
500
560
16
560
32
560
48
560
64
560
80
560
96
560
612
576
500
576
16
576
32
576
48
576
64
576
80
576
96
576
612
592
500
592
16
592
32
592
48
-200
0
592
80
592
96
592
612
608
500
608
16
608
32
608
48
608
564
608
80
608
96
608
612
624
500
624
16
624
32
624
48
624
564
-200
0
624
596
624
612
640
500
640
16
640
32
640
48
640
564
640
580
640
596
640
612
656
500
656
16
656
32
656
48
656
64
656
80
656
96
656
612
672
500
672
16
672
32
672
48
672
64
672
80
672
96
672
612
688
500
688
516
688
532
688
548
688
564
688
80
688
96
688
612
704
500
704
516
704
532
704
548
704
564
704
80
704
96
704
612
720
500
720
516
720
32
720
48
720
64
720
80
720
96
720
612
736
500
736
16
736
32
736
48
736
64
736
80
736
96
736
612
752
500
752
16
752
32
752
48
752
64
752
80
752
96
752
612
768
500
768
16
768
32
768
48
768
64
768
80
768
96
768
612
784
500
784
16
784
32
784
48
784
64
784
80
784
96
784
612
800
500
800
16
800
32
800
48
800
64
800
80
800
96
800
612
816
500
816
16
816
32
816
48
816
64
816
80
816
96
816
612
832
500
832
16
832
32
832
48
832
64
832
80
832
96
832
612
848
500
848
16
848
32
848
48
848
64
848
80
848
96
848
612
864
500
864
16
864
32
864
48
864
64
864
80
864
96
864
612
880
500
880
16
880
32
880
48
880
64
880
80
880
96
880
612
896
500
896
16
896
32
896
48
896
64
896
80
896
96
896
612
912
500
912
16
912
32
912
48
912
64
912
80
912
96
912
612
928
500
928
16
928
32
928
48
928
64
928
80
928
96
928
612
944
500
944
16
944
32
944
48
944
64
944
80
944
96
944
612
960
500
960
16
960
32
960
48
960
64
960
80
960
96
960
612
976
500
976
16
976
32
976
48
976
64
976
80
976
96
976
612
992
500
992
16
992
32
992
48
992
64
992
80
992
96
992
612
1008
500
1008
16
1008
32
1008
48
1008
64
1008
80
1008
96
1008
612
1024
500
1024
516
1024
32
1024
48
1024
64
1024
80
1024
96
1024
612
1040
500
1040
516
1040
532
1040
548
1040
564
1040
80
1040
96
1040
612
1056
500
1056
516
1056
532
1056
548
1056
564
1056
80
1056
96
1056
612
1072
500
1072
16
1072
32
1072
48
1072
64
1072
80
1072
96
1072
612
1088
500
1088
16
1088
32
1088
48
1088
64
1088
80
1088
96
1088
612
1104
500
1104
16
1104
32
1104
548
1104
564
1104
580
1104
596
1104
612
1120
500
1120
16
1120
32
1120
548
1120
564
1120
580
1120
596
1120
612
1136
500
1136
16
1136
32
1136
48
1136
64
1136
80
1136
96
1136
612
1152
500
1152
16
1152
32
1152
48
1152
64
1152
80
1152
96
1152
612
1168
500
1168
516
1168
532
1168
548
1168
564
1168
80
1168
96
1168
612
1184
500
1184
516
1184
532
1184
548
1184
564
1184
80
1184
96
1184
612
1200
500
1200
16
1200
32
1200
48
1200
64
1200
80
1200
96
1200
612
1216
500
1216
16
1216
32
1216
48
1216
64
1216
80
1216
96
1216
612
1232
500
1232
16
1232
32
1232
548
1232
564
1232
580
1232
596
1232
612
1248
500
1248
16
1248
32
1248
548
1248
564
1248
580
1248
596
1248
612
1264
500
1264
16
1264
32
1264
48
1264
64
1264
80
1264
96
1264
612
1280
500
1280
16
1280
32
1280
48
1280
64
1280
80
1280
96
1280
612
1296
500
1296
16
1296
32
1296
48
1296
64
1296
80
1296
96
1296
612
1312
500
1312
16
1312
32
1312
48
1312
64
1312
80
1312
96
1312
612
1328
500
1328
16
1328
32
1328
48
1328
64
1328
580
1328
596
1328
612
1344
500
1344
16
1344
32
1344
48
1344
64
1344
580
1344
596
1344
612
1360
500
1360
16
1360
32
1360
48
1360
64
1360
80
1360
596
1360
612
1376
500
1376
16
1376
32
1376
48
1376
564
1376
580
1376
596
1376
612
1392
500
1392
16
1392
32
1392
48
1392
564
1392
580
1392
596
1392
612
1408
500
1408
16
1408
32
1408
48
1408
64
1408
80
1408
96
1408
612
1424
500
1424
16
1424
32
1424
48
1424
64
1424
80
1424
96
-200
0
1440
500
1440
516
1440
532
1440
548
1440
564
1440
580
1440
96
1440
612
1456
500
1456
516
1456
532
1456
548
1456
564
1456
580
1456
96
1456
612
1472
500
1472
16
1472
32
1472
48
1472
64
1472
80
1472
96
1472
612
1488
500
1488
16
1488
32
1488
48
1488
64
1488
80
1488
96
1488
612
1504
500
1504
16
1504
32
1504
48
1504
564
1504
580
1504
596
1504
612
1520
500
1520
16
1520
32
1520
48
1520
564
1520
580
1520
596
1520
612
1536
500
1536
16
1536
32
1536
48
1536
64
1536
80
1536
596
1536
612
1552
500
1552
16
1552
32
1552
48
1552
64
1552
580
1552
596
1552
612
1568
500
1568
16
1568
32
1568
48
1568
64
1568
580
1568
596
1568
612
1584
500
1584
16
1584
32
1584
48
1584
64
1584
80
1584
96
1584
612
1600
500
1600
16
1600
32
1600
48
1600
64
1600
80
1600
96
1600
612
1616
500
1616
516
1616
532
1616
548
1616
564
1616
80
1616
96
1616
612
1632
500
1632
516
1632
532
1632
548
1632
564
1632
80
1632
96
1632
612
1648
500
1648
516
1648
532
1648
548
1648
564
1648
580
1648
596
1648
612
1664
500
1664
516
1664
532
1664
548
1664
564
1664
580
1664
596
1664
612
1680
500
1680
516
1680
532
1680
548
1680
564
1680
580
1680
596
1680
612
1696
500
1696
516
1696
532
1696
548
1696
564
1696
580
1696
596
1696
612
1712
500
1712
516
1712
532
1712
548
1712
564
1712
580
1712
596
1712
612
1728
500
1728
516
1728
532
1728
548
1728
564
1728
580
1728
596
1728
612
1744
500
1744
516
1744
532
1744
548
1744
564
1744
580
1744
596
1744
612
1760
500
1760
516
1760
532
1760
548
1760
564
1760
580
1760
596
1760
612
1776
500
1776
516
1776
532
1776
548
1776
564
1776
580
1776
596
1776
612
1792
500
1792
516
1792
532
1792
548
1792
564
1792
580
1792
596
1792
612
