0
0
0
16
0
32
0
48
0
64
0
80
0
96
0
112
16
0
16
16
16
32
16
48
16
64
16
80
16
96
16
112
32
0
-200
0
-200
0
-200
0
-200
0
-200
0
-200
0
32
112
48
0
-200
0
-200
0
-200
0
-200
0
-200
0
-200
0
48
112
64
0
-200
0
-200
0
-200
0
-200
0
-200
0
-200
0
64
112
80
0
80
16
80
32
80
48
80
64
-200
0
-200
0
80
112
96
0
96
16
96
32
96
48
96
64
-200
0
-200
0
96
112
112
0
112
16
112
32
112
48
112
64
-200
0
-200
0
112
112
128
0
128
16
128
32
128
48
128
64
-200
0
-200
0
128
112
144
0
144
16
144
32
144
48
144
64
-200
0
-200
0
144
112
160
0
-200
0
-200
0
-200
0
-200
0
-200
0
-200
0
160
112
176
0
-200
0
-200
0
-200
0
-200
0
-200
0
-200
0
176
112
192
0
-200
0
-200
0
-200
0
-200
0
-200
0
-200
0
192
112
208
0
-200
0
-200
0
208
48
208
64
208
80
208
96
208
112
224
0
-200
0
-200
0
224
48
224
64
224
80
224
96
224
112
240
0
-200
0
-200
0
-200
0
-200
0
-200
0
-200
0
240
112
256
0
-200
0
-200
0
-200
0
-200
0
-200
0
-200
0
256
112
272
0
-200
0
-200
0
-200
0
-200
0
-200
0
-200
0
272
112
288
0
-200
0
-200
0
-200
0
-200
0
-200
0
-200
0
288
112
304
0
-200
0
-200
0
-200
0
-200
0
-200
0
-200
0
304
112
320
0
320
16
320
32
320
48
320
64
-200
0
-200
0
320
112
336
0
336
16
336
32
336
48
336
64
-200
0
-200
0
336
112
352
0
352
16
352
32
352
48
352
64
-200
0
-200
0
352
112
368
0
-200
0
-200
0
-200
0
-200
0
-200
0
-200
0
368
112
384
0
-200
0
-200
0
-200
0
-200
0
-200
0
-200
0
384
112
400
0
-200
0
-200
0
-200
0
400
64
400
80
400
96
400
112
416
0
-200
0
-200
0
-200
0
416
64
416
80
416
96
416
112
432
0
-200
0
-200
0
-200
0
432
64
-200
0
-200
0
432
112
448
0
-200
0
-200
0
-200
0
448
64
-200
0
-200
0
448
112
464
0
-200
0
-200
0
-200
0
-200
0
-200
0
-200
0
464
112
480
0
-200
0
-200
0
-200
0
-200
0
-200
0
-200
0
480
112
496
0
-200
0
-200
0
-200
0
496
64
-200
0
-200
0
496
112
512
0
512
16
-200
0
-200
0
512
64
512
80
-200
0
512
112
528
0
528
16
-200
0
-200
0
528
64
528
80
-200
0
528
112
544
0
-200
0
-200
0
-200
0
544
64
-200
0
-200
0
544
112
560
0
-200
0
-200
0
-200
0
-200
0
-200
0
-200
0
560
112
576
0
-200
0
-200
0
-200
0
-200
0
-200
0
-200
0
576
112
592
0
-200
0
-200
0
-200
0
592
64
-200
0
-200
0
592
112
608
0
-200
0
-200
0
-200
0
608
64
-200
0
-200
0
608
112
624
0
-200
0
-200
0
-200
0
624
64
624
80
624
96
624
112
640
0
-200
0
-200
0
-200
0
640
64
640
80
640
96
640
112
656
0
-200
0
-200
0
-200
0
-200
0
-200
0
-200
0
656
112
672
0
-200
0
-200
0
-200
0
-200
0
-200
0
-200
0
672
112
688
0
688
16
688
32
688
48
688
64
-200
0
-200
0
688
112
704
0
704
16
704
32
704
48
704
64
-200
0
-200
0
704
112
720
0
720
16
-200
0
-200
0
-200
0
-200
0
-200
0
720
112
736
0
-200
0
-200
0
-200
0
-200
0
-200
0
-200
0
736
112
752
0
-200
0
-200
0
-200
0
-200
0
-200
0
-200
0
752
112
768
0
-200
0
-200
0
-200
0
-200
0
-200
0
-200
0
768
112
784
0
-200
0
-200
0
-200
0
-200
0
-200
0
-200
0
784
112
800
0
-200
0
-200
0
-200
0
-200
0
-200
0
-200
0
800
112
816
0
-200
0
-200
0
-200
0
-200
0
-200
0
-200
0
816
112
832
0
-200
0
-200
0
-200
0
-200
0
-200
0
-200
0
832
112
848
0
-200
0
-200
0
-200
0
-200
0
-200
0
-200
0
848
112
864
0
-200
0
-200
0
-200
0
-200
0
-200
0
-200
0
864
112
880
0
-200
0
-200
0
-200
0
-200
0
-200
0
-200
0
880
112
896
0
-200
0
-200
0
-200
0
-200
0
-200
0
-200
0
896
112
912
0
-200
0
-200
0
-200
0
-200
0
-200
0
-200
0
912
112
928
0
-200
0
-200
0
-200
0
-200
0
-200
0
-200
0
928
112
944
0
-200
0
-200
0
-200
0
-200
0
-200
0
-200
0
944
112
960
0
-200
0
-200
0
-200
0
-200
0
-200
0
-200
0
960
112
976
0
-200
0
-200
0
-200
0
-200
0
-200
0
-200
0
976
112
992
0
-200
0
-200
0
-200
0
-200
0
-200
0
-200
0
992
112
1008
0
-200
0
-200
0
-200
0
-200
0
-200
0
-200
0
1008
112
1024
0
1024
16
-200
0
-200
0
-200
0
-200
0
-200
0
1024
112
1040
0
1040
16
1040
32
1040
48
1040
64
-200
0
-200
0
1040
112
1056
0
1056
16
1056
32
1056
48
1056
64
-200
0
-200
0
1056
112
1072
0
-200
0
-200
0
-200
0
-200
0
-200
0
-200
0
1072
112
1088
0
-200
0
-200
0
-200
0
-200
0
-200
0
-200
0
1088
112
1104
0
-200
0
-200
0
1104
48
1104
64
1104
80
1104
96
1104
112
1120
0
-200
0
-200
0
1120
48
1120
64
1120
80
1120
96
1120
112
1136
0
-200
0
-200
0
-200
0
-200
0
-200
0
-200
0
1136
112
1152
0
-200
0
-200
0
-200
0
-200
0
-200
0
-200
0
1152
112
1168
0
1168
16
1168
32
1168
48
1168
64
-200
0
-200
0
1168
112
1184
0
1184
16
1184
32
1184
48
1184
64
-200
0
-200
0
1184
112
1200
0
-200
0
-200
0
-200
0
-200
0
-200
0
-200
0
1200
112
1216
0
-200
0
-200
0
-200
0
-200
0
-200
0
-200
0
1216
112
1232
0
-200
0
-200
0
1232
48
1232
64
1232
80
1232
96
1232
112
1248
0
-200
0
-200
0
1248
48
1248
64
1248
80
1248
96
1248
112
1264
0
-200
0
-200
0
-200
0
-200
0
-200
0
-200
0
1264
112
1280
0
-200
0
-200
0
-200
0
-200
0
-200
0
-200
0
1280
112
1296
0
-200
0
-200
0
-200
0
-200
0
-200
0
-200
0
1296
112
1312
0
-200
0
-200
0
-200
0
-200
0
-200
0
-200
0
1312
112
1328
0
-200
0
-200
0
-200
0
-200
0
1328
80
1328
96
1328
112
1344
0
-200
0
-200
0
-200
0
-200
0
1344
80
1344
96
1344
112
1360
0
-200
0
-200
0
-200
0
-200
0
-200
0
1360
96
1360
112
1376
0
-200
0
-200
0
-200
0
1376
64
1376
80
1376
96
1376
112
1392
0
-200
0
-200
0
-200
0
1392
64
1392
80
1392
96
1392
112
1408
0
-200
0
-200
0
-200
0
-200
0
-200
0
-200
0
1408
112
1424
0
-200
0
-200
0
-200
0
-200
0
-200
0
-200
0
1424
112
1440
0
1440
16
1440
32
1440
48
1440
64
1440
80
-200
0
1440
112
1456
0
1456
16
1456
32
1456
48
1456
64
1456
80
-200
0
1456
112
1472
0
-200
0
-200
0
-200
0
-200
0
-200
0
-200
0
1472
112
1488
0
-200
0
-200
0
-200
0
-200
0
-200
0
-200
0
1488
112
1504
0
-200
0
-200
0
-200
0
1504
64
1504
80
1504
96
1504
112
1520
0
-200
0
-200
0
-200
0
1520
64
1520
80
1520
96
1520
112
1536
0
-200
0
-200
0
-200
0
-200
0
-200
0
1536
96
1536
112
1552
0
-200
0
-200
0
-200
0
-200
0
1552
80
1552
96
1552
112
1568
0
-200
0
-200
0
-200
0
-200
0
1568
80
1568
96
1568
112
1584
0
-200
0
-200
0
-200
0
-200
0
-200
0
-200
0
1584
112
1600
0
-200
0
-200
0
-200
0
-200
0
-200
0
-200
0
1600
112
1616
0
1616
16
1616
32
1616
48
1616
64
-200
0
-200
0
1616
112
1632
0
1632
16
1632
32
1632
48
1632
64
-200
0
-200
0
1632
112
1648
0
1648
16
1648
32
1648
48
1648
64
1648
80
1648
96
1648
112
1664
0
1664
16
1664
32
1664
48
1664
64
1664
80
1664
96
1664
112
1680
0
1680
16
1680
32
1680
48
1680
64
1680
80
1680
96
1680
112
1696
0
1696
16
1696
32
1696
48
1696
64
1696
80
1696
96
1696
112
1712
0
1712
16
1712
32
1712
48
1712
64
1712
80
1712
96
1712
112
1728
0
1728
16
1728
32
1728
48
1728
64
1728
80
1728
96
1728
112
1744
0
1744
16
1744
32
1744
48
1744
64
1744
80
1744
96
1744
112
1760
0
1760
16
1760
32
1760
48
1760
64
1760
80
1760
96
1760
112
1776
0
1776
16
1776
32
1776
48
1776
64
1776
80
1776
96
1776
112
1792
0
1792
16
1792
32
1792
48
1792
64
1792
80
1792
96
1792
112
