0
0
0
16
0
32
0
48
0
64
0
80
0
96
0
112
0
128
0
144
0
160
0
176
0
192
0
208
0
224
0
240
0
256
0
272
0
288
0
304
0
320
0
336
16
0
16
16
16
32
16
48
16
64
16
80
16
96
16
112
16
128
16
144
16
160
16
176
16
192
16
208
16
224
16
240
16
256
16
272
16
288
16
304
16
320
16
336
32
0
32
16
32
32
32
48
32
64
32
80
32
96
32
112
32
128
32
144
32
160
32
176
32
192
32
208
32
224
-200
0
-200
0
-200
0
-200
0
-200
0
-200
0
32
336
48
0
48
16
48
32
48
48
48
64
48
80
48
96
48
112
48
128
48
144
48
160
48
176
48
192
48
208
48
224
-200
0
-200
0
-200
0
-200
0
-200
0
-200
0
48
336
64
0
64
16
64
32
64
48
64
64
64
80
64
96
64
112
64
128
64
144
64
160
64
176
64
192
64
208
64
224
-200
0
-200
0
-200
0
-200
0
-200
0
-200
0
64
336
80
0
80
16
80
32
80
48
80
64
80
80
80
96
80
112
80
128
80
144
80
160
80
176
80
192
80
208
80
224
-200
0
-200
0
-200
0
-200
0
-200
0
-200
0
80
336
96
0
96
16
96
32
96
48
96
64
96
80
96
96
96
112
96
128
96
144
96
160
96
176
96
192
96
208
96
224
-200
0
-200
0
-200
0
-200
0
-200
0
-200
0
96
336
112
0
112
16
112
32
112
48
112
64
112
80
112
96
112
112
112
128
112
144
112
160
112
176
112
192
112
208
112
224
-200
0
-200
0
-200
0
-200
0
-200
0
-200
0
112
336
128
0
128
16
128
32
128
48
128
64
128
80
128
96
128
112
128
128
128
144
128
160
128
176
128
192
128
208
128
224
-200
0
-200
0
-200
0
-200
0
-200
0
-200
0
128
336
144
0
144
16
144
32
144
48
144
64
144
80
144
96
144
112
144
128
144
144
144
160
144
176
144
192
144
208
144
224
-200
0
-200
0
-200
0
-200
0
-200
0
-200
0
144
336
160
0
160
16
160
32
160
48
160
64
160
80
160
96
160
112
160
128
160
144
160
160
160
176
160
192
160
208
160
224
-200
0
-200
0
-200
0
-200
0
-200
0
-200
0
160
336
176
0
176
16
176
32
176
48
176
64
176
80
176
96
176
112
176
128
176
144
176
160
176
176
176
192
176
208
176
224
-200
0
-200
0
-200
0
-200
0
-200
0
-200
0
176
336
192
0
192
16
192
32
192
48
192
64
192
80
192
96
192
112
192
128
192
144
192
160
192
176
192
192
192
208
192
224
-200
0
-200
0
-200
0
-200
0
-200
0
-200
0
192
336
208
0
208
16
208
32
208
48
208
64
208
80
208
96
208
112
208
128
208
144
208
160
208
176
208
192
208
208
208
224
-200
0
-200
0
-200
0
-200
0
-200
0
-200
0
208
336
224
0
224
16
224
32
224
48
224
64
224
80
224
96
224
112
224
128
224
144
224
160
224
176
224
192
224
208
224
224
-200
0
-200
0
-200
0
-200
0
-200
0
-200
0
224
336
240
0
240
16
240
32
240
48
240
64
240
80
240
96
240
112
240
128
240
144
240
160
240
176
240
192
240
208
240
224
-200
0
-200
0
240
272
240
288
240
304
240
320
240
336
256
0
256
16
256
32
256
48
256
64
256
80
256
96
256
112
256
128
256
144
256
160
256
176
256
192
256
208
256
224
-200
0
-200
0
256
272
256
288
256
304
256
320
256
336
272
0
272
16
272
32
272
48
272
64
272
80
272
96
272
112
272
128
272
144
272
160
272
176
272
192
272
208
272
224
-200
0
-200
0
272
272
-200
0
-200
0
-200
0
272
336
288
0
288
16
288
32
288
48
288
64
288
80
288
96
288
112
288
128
288
144
288
160
288
176
288
192
288
208
288
224
-200
0
-200
0
288
272
-200
0
-200
0
-200
0
288
336
304
0
304
16
304
32
304
48
304
64
304
80
304
96
304
112
304
128
304
144
304
160
304
176
304
192
304
208
304
224
-200
0
-200
0
304
272
-200
0
-200
0
-200
0
304
336
320
0
320
16
320
32
320
48
320
64
320
80
320
96
320
112
320
128
320
144
320
160
320
176
320
192
320
208
320
224
-200
0
-200
0
320
272
-200
0
-200
0
-200
0
320
336
336
0
336
16
336
32
336
48
336
64
336
80
336
96
336
112
336
128
336
144
336
160
336
176
336
192
336
208
336
224
-200
0
-200
0
336
272
-200
0
-200
0
-200
0
336
336
352
0
352
16
352
32
352
48
352
64
352
80
352
96
352
112
352
128
352
144
352
160
352
176
352
192
352
208
352
224
-200
0
-200
0
352
272
352
288
-200
0
-200
0
352
336
368
0
368
16
368
32
368
48
368
64
368
80
368
96
368
112
368
128
368
144
368
160
368
176
368
192
368
208
368
224
-200
0
-200
0
368
272
368
288
-200
0
-200
0
368
336
384
0
384
16
384
32
384
48
384
64
384
80
384
96
384
112
384
128
384
144
384
160
384
176
384
192
384
208
384
224
-200
0
-200
0
-200
0
-200
0
-200
0
-200
0
384
336
400
0
400
16
400
32
400
48
400
64
400
80
400
96
400
112
400
128
400
144
400
160
400
176
400
192
400
208
400
224
-200
0
-200
0
-200
0
-200
0
-200
0
-200
0
400
336
416
0
416
16
416
32
416
48
416
64
416
80
416
96
416
112
416
128
416
144
416
160
416
176
416
192
416
208
416
224
416
240
416
256
416
272
416
288
-200
0
-200
0
416
336
432
0
432
16
432
32
432
48
432
64
432
80
432
96
432
112
432
128
432
144
432
160
432
176
432
192
432
208
432
224
432
240
432
256
432
272
432
288
-200
0
-200
0
432
336
448
0
448
16
448
32
448
48
448
64
448
80
448
96
448
112
448
128
448
144
448
160
448
176
448
192
448
208
448
224
-200
0
-200
0
-200
0
-200
0
-200
0
-200
0
448
336
464
0
464
16
464
32
464
48
464
64
464
80
464
96
464
112
464
128
464
144
464
160
464
176
464
192
464
208
464
224
-200
0
-200
0
-200
0
-200
0
-200
0
-200
0
464
336
480
0
480
16
480
32
480
48
480
64
480
80
480
96
480
112
480
128
480
144
480
160
480
176
480
192
480
208
480
224
-200
0
-200
0
480
272
480
288
480
304
480
320
480
336
496
0
496
16
496
32
496
48
496
64
496
80
496
96
496
112
496
128
496
144
496
160
496
176
496
192
496
208
496
224
-200
0
-200
0
496
272
496
288
496
304
496
320
496
336
512
0
512
16
512
32
512
48
512
64
512
80
512
96
512
112
512
128
512
144
512
160
512
176
512
192
512
208
512
224
-200
0
-200
0
-200
0
-200
0
-200
0
-200
0
512
336
528
0
528
16
528
32
528
48
528
64
528
80
528
96
528
112
528
128
528
144
528
160
528
176
528
192
528
208
528
224
-200
0
-200
0
-200
0
-200
0
-200
0
-200
0
528
336
544
0
544
16
544
32
544
48
544
64
544
80
544
96
544
112
544
128
544
144
544
160
544
176
544
192
544
208
544
224
544
240
544
256
-200
0
-200
0
-200
0
-200
0
544
336
560
0
560
16
560
32
560
48
560
64
560
80
560
96
560
112
560
128
560
144
560
160
560
176
560
192
560
208
560
224
560
240
560
256
-200
0
-200
0
-200
0
-200
0
560
336
576
0
576
16
576
32
576
48
576
64
576
80
576
96
576
112
576
128
576
144
576
160
576
176
576
192
576
208
576
224
-200
0
-200
0
-200
0
-200
0
-200
0
-200
0
576
336
592
0
592
16
592
32
592
48
592
64
592
80
592
96
592
112
592
128
592
144
592
160
592
176
592
192
592
208
592
224
-200
0
-200
0
-200
0
-200
0
-200
0
-200
0
592
336
608
0
608
16
608
32
608
48
608
64
608
80
608
96
608
112
608
128
608
144
608
160
608
176
608
192
608
208
608
224
-200
0
-200
0
-200
0
-200
0
-200
0
-200
0
608
336
624
0
624
16
624
32
624
48
624
64
624
80
624
96
624
112
624
128
624
144
624
160
624
176
624
192
624
208
624
224
-200
0
-200
0
-200
0
-200
0
-200
0
-200
0
624
336
640
0
640
16
640
32
640
48
640
64
640
80
640
96
640
112
640
128
640
144
640
160
640
176
640
192
640
208
640
224
-200
0
-200
0
-200
0
-200
0
-200
0
-200
0
640
336
656
0
656
16
656
32
656
48
656
64
656
80
656
96
656
112
656
128
656
144
656
160
656
176
656
192
656
208
656
224
-200
0
-200
0
656
272
656
288
656
304
656
320
656
336
672
0
672
16
672
32
672
48
672
64
672
80
672
96
672
112
672
128
672
144
672
160
672
176
672
192
672
208
672
224
-200
0
-200
0
672
272
672
288
672
304
672
320
672
336
688
0
688
16
688
32
688
48
688
64
688
80
688
96
688
112
688
128
688
144
688
160
688
176
688
192
688
208
688
224
-200
0
-200
0
688
272
688
288
688
304
688
320
688
336
704
0
704
16
704
32
704
48
704
64
704
80
704
96
704
112
704
128
704
144
704
160
704
176
704
192
704
208
704
224
-200
0
-200
0
704
272
704
288
704
304
704
320
704
336
720
0
720
16
720
32
720
48
720
64
720
80
720
96
720
112
720
128
720
144
720
160
720
176
720
192
720
208
720
224
-200
0
-200
0
720
272
720
288
720
304
720
320
720
336
736
0
736
16
736
32
736
48
736
64
736
80
736
96
736
112
736
128
736
144
736
160
736
176
736
192
736
208
736
224
-200
0
-200
0
-200
0
-200
0
-200
0
-200
0
736
336
752
0
752
16
752
32
752
48
752
64
752
80
752
96
752
112
752
128
752
144
752
160
752
176
752
192
752
208
752
224
-200
0
-200
0
-200
0
-200
0
-200
0
-200
0
752
336
768
0
768
16
768
32
768
48
768
64
768
80
768
96
768
112
768
128
768
144
768
160
768
176
768
192
768
208
768
224
-200
0
-200
0
-200
0
-200
0
-200
0
-200
0
768
336
784
0
784
16
784
32
784
48
784
64
784
80
784
96
784
112
784
128
784
144
784
160
784
176
784
192
784
208
784
224
-200
0
-200
0
-200
0
-200
0
-200
0
-200
0
784
336
800
0
800
16
800
32
800
48
800
64
800
80
800
96
800
112
800
128
800
144
800
160
800
176
800
192
800
208
800
224
-200
0
-200
0
-200
0
-200
0
-200
0
-200
0
800
336
816
0
816
16
816
32
816
48
816
64
816
80
816
96
816
112
816
128
816
144
816
160
816
176
816
192
816
208
816
224
-200
0
-200
0
-200
0
-200
0
-200
0
-200
0
816
336
832
0
832
16
832
32
832
48
832
64
832
80
832
96
832
112
832
128
832
144
832
160
832
176
832
192
832
208
832
224
-200
0
-200
0
-200
0
-200
0
-200
0
-200
0
832
336
848
0
848
16
848
32
848
48
848
64
848
80
848
96
848
112
848
128
848
144
848
160
848
176
848
192
848
208
848
224
-200
0
-200
0
-200
0
-200
0
-200
0
-200
0
848
336
864
0
864
16
864
32
864
48
864
64
864
80
864
96
864
112
864
128
864
144
864
160
864
176
864
192
864
208
864
224
-200
0
-200
0
-200
0
-200
0
-200
0
-200
0
864
336
880
0
880
16
880
32
880
48
880
64
880
80
880
96
880
112
880
128
880
144
880
160
880
176
880
192
880
208
880
224
-200
0
-200
0
-200
0
-200
0
-200
0
-200
0
880
336
896
0
896
16
896
32
896
48
896
64
896
80
896
96
896
112
896
128
896
144
896
160
896
176
896
192
896
208
896
224
-200
0
-200
0
-200
0
-200
0
-200
0
-200
0
896
336
912
0
912
16
912
32
912
48
912
64
912
80
912
96
912
112
912
128
912
144
912
160
912
176
912
192
912
208
912
224
-200
0
-200
0
-200
0
-200
0
-200
0
-200
0
912
336
928
0
928
16
928
32
928
48
928
64
928
80
928
96
928
112
928
128
928
144
928
160
928
176
928
192
928
208
928
224
-200
0
-200
0
-200
0
-200
0
-200
0
-200
0
928
336
944
0
944
16
944
32
944
48
944
64
944
80
944
96
944
112
944
128
944
144
944
160
944
176
944
192
944
208
944
224
-200
0
-200
0
-200
0
-200
0
-200
0
-200
0
944
336
960
0
960
16
960
32
960
48
960
64
960
80
960
96
960
112
960
128
960
144
960
160
960
176
960
192
960
208
960
224
-200
0
-200
0
-200
0
-200
0
-200
0
-200
0
960
336
976
0
976
16
976
32
976
48
976
64
976
80
976
96
976
112
976
128
976
144
976
160
976
176
976
192
976
208
976
224
-200
0
-200
0
-200
0
-200
0
-200
0
-200
0
976
336
992
0
992
16
992
32
992
48
992
64
992
80
992
96
992
112
992
128
992
144
992
160
992
176
992
192
992
208
992
224
-200
0
-200
0
-200
0
-200
0
-200
0
-200
0
992
336
1008
0
1008
16
1008
32
1008
48
1008
64
1008
80
1008
96
1008
112
1008
128
1008
144
1008
160
1008
176
1008
192
1008
208
1008
224
-200
0
-200
0
-200
0
-200
0
-200
0
-200
0
1008
336
1024
0
1024
16
1024
32
1024
48
1024
64
1024
80
1024
96
1024
112
1024
128
1024
144
1024
160
1024
176
1024
192
1024
208
1024
224
-200
0
-200
0
-200
0
-200
0
-200
0
-200
0
1024
336
1040
0
1040
16
1040
32
1040
48
1040
64
1040
80
1040
96
1040
112
1040
128
1040
144
1040
160
1040
176
1040
192
1040
208
1040
224
-200
0
-200
0
-200
0
-200
0
-200
0
-200
0
1040
336
1056
0
1056
16
1056
32
1056
48
1056
64
1056
80
1056
96
1056
112
1056
128
1056
144
1056
160
1056
176
1056
192
1056
208
1056
224
1056
240
1056
256
1056
272
1056
288
-200
0
-200
0
1056
336
1072
0
1072
16
1072
32
1072
48
1072
64
1072
80
1072
96
1072
112
1072
128
1072
144
1072
160
1072
176
1072
192
1072
208
1072
224
1072
240
1072
256
1072
272
1072
288
-200
0
-200
0
1072
336
1088
0
1088
16
1088
32
1088
48
1088
64
1088
80
1088
96
1088
112
1088
128
1088
144
1088
160
1088
176
1088
192
1088
208
1088
224
-200
0
-200
0
-200
0
-200
0
-200
0
-200
0
1088
336
1104
0
1104
16
1104
32
1104
48
1104
64
1104
80
1104
96
1104
112
1104
128
1104
144
1104
160
1104
176
1104
192
1104
208
1104
224
-200
0
-200
0
-200
0
-200
0
-200
0
-200
0
1104
336
1120
0
1120
16
1120
32
1120
48
1120
64
1120
80
1120
96
1120
112
1120
128
1120
144
1120
160
1120
176
1120
192
1120
208
1120
224
-200
0
-200
0
-200
0
-200
0
-200
0
-200
0
1120
336
1136
0
1136
16
1136
32
1136
48
1136
64
1136
80
1136
96
1136
112
1136
128
1136
144
1136
160
1136
176
1136
192
1136
208
1136
224
-200
0
-200
0
-200
0
-200
0
-200
0
-200
0
1136
336
1152
0
1152
16
1152
32
1152
48
1152
64
1152
80
1152
96
1152
112
1152
128
1152
144
1152
160
1152
176
1152
192
1152
208
1152
224
-200
0
-200
0
-200
0
-200
0
-200
0
-200
0
1152
336
1168
0
1168
16
1168
32
1168
48
1168
64
1168
80
1168
96
1168
112
1168
128
1168
144
1168
160
1168
176
1168
192
1168
208
1168
224
-200
0
-200
0
-200
0
-200
0
-200
0
-200
0
1168
336
1184
0
1184
16
1184
32
1184
48
1184
64
1184
80
1184
96
1184
112
1184
128
1184
144
1184
160
1184
176
1184
192
1184
208
1184
224
-200
0
-200
0
-200
0
-200
0
-200
0
-200
0
1184
336
1200
0
1200
16
1200
32
1200
48
1200
64
1200
80
1200
96
1200
112
1200
128
1200
144
1200
160
1200
176
1200
192
1200
208
1200
224
1200
240
1200
256
-200
0
-200
0
1200
304
1200
320
1200
336
1216
0
1216
16
1216
32
1216
48
1216
64
1216
80
1216
96
1216
112
1216
128
1216
144
1216
160
1216
176
1216
192
1216
208
1216
224
1216
240
1216
256
-200
0
-200
0
1216
304
1216
320
1216
336
1232
0
1232
16
1232
32
1232
48
1232
64
1232
80
1232
96
1232
112
1232
128
1232
144
1232
160
1232
176
1232
192
1232
208
1232
224
-200
0
-200
0
-200
0
-200
0
-200
0
-200
0
1232
336
1248
0
1248
16
1248
32
1248
48
1248
64
1248
80
1248
96
1248
112
1248
128
1248
144
1248
160
1248
176
1248
192
1248
208
1248
224
-200
0
-200
0
-200
0
-200
0
-200
0
-200
0
1248
336
1264
0
1264
16
1264
32
1264
48
1264
64
1264
80
1264
96
1264
112
1264
128
1264
144
1264
160
1264
176
1264
192
1264
208
1264
224
-200
0
-200
0
-200
0
-200
0
-200
0
-200
0
1264
336
1280
0
1280
16
1280
32
1280
48
1280
64
1280
80
1280
96
1280
112
1280
128
1280
144
1280
160
1280
176
1280
192
1280
208
1280
224
-200
0
-200
0
1280
272
1280
288
1280
304
1280
320
1280
336
1296
0
1296
16
1296
32
1296
48
1296
64
1296
80
1296
96
1296
112
1296
128
1296
144
1296
160
1296
176
1296
192
1296
208
1296
224
-200
0
-200
0
1296
272
1296
288
1296
304
1296
320
1296
336
1312
0
-200
0
-200
0
-200
0
1312
64
-200
0
-200
0
-200
0
-200
0
-200
0
1312
160
-200
0
-200
0
-200
0
1312
224
-200
0
-200
0
-200
0
-200
0
-200
0
-200
0
1312
336
1328
0
-200
0
-200
0
-200
0
1328
64
-200
0
-200
0
-200
0
-200
0
-200
0
1328
160
-200
0
-200
0
-200
0
1328
224
-200
0
-200
0
-200
0
-200
0
-200
0
-200
0
1328
336
1344
0
-200
0
-200
0
-200
0
1344
64
-200
0
-200
0
-200
0
-200
0
-200
0
1344
160
-200
0
-200
0
-200
0
1344
224
1344
240
1344
256
1344
272
1344
288
-200
0
-200
0
1344
336
1360
0
-200
0
-200
0
-200
0
1360
64
-200
0
-200
0
1360
112
-200
0
-200
0
-200
0
-200
0
-200
0
-200
0
1360
224
1360
240
1360
256
1360
272
1360
288
-200
0
-200
0
1360
336
1376
0
-200
0
-200
0
-200
0
1376
64
-200
0
-200
0
1376
112
-200
0
-200
0
-200
0
-200
0
-200
0
-200
0
1376
224
-200
0
-200
0
-200
0
-200
0
-200
0
-200
0
1376
336
1392
0
-200
0
-200
0
-200
0
1392
64
-200
0
-200
0
1392
112
-200
0
-200
0
-200
0
-200
0
-200
0
1392
208
1392
224
-200
0
-200
0
-200
0
-200
0
-200
0
-200
0
1392
336
1408
0
-200
0
-200
0
-200
0
1408
64
-200
0
-200
0
1408
112
-200
0
-200
0
-200
0
-200
0
1408
192
1408
208
1408
224
-200
0
-200
0
-200
0
1408
288
-200
0
-200
0
1408
336
1424
0
-200
0
-200
0
-200
0
1424
64
-200
0
-200
0
1424
112
-200
0
-200
0
-200
0
1424
176
1424
192
-200
0
1424
224
-200
0
-200
0
-200
0
1424
288
-200
0
-200
0
1424
336
1440
0
-200
0
-200
0
-200
0
1440
64
-200
0
-200
0
1440
112
-200
0
-200
0
1440
160
1440
176
-200
0
-200
0
1440
224
-200
0
-200
0
1440
272
1440
288
1440
304
1440
320
1440
336
1456
0
-200
0
-200
0
-200
0
1456
64
-200
0
-200
0
1456
112
-200
0
-200
0
1456
160
-200
0
-200
0
-200
0
1456
224
-200
0
-200
0
1456
272
1456
288
1456
304
1456
320
1456
336
1472
0
-200
0
-200
0
-200
0
1472
64
-200
0
-200
0
1472
112
-200
0
-200
0
-200
0
-200
0
-200
0
-200
0
1472
224
-200
0
-200
0
-200
0
-200
0
-200
0
-200
0
1472
336
1488
0
-200
0
-200
0
-200
0
1488
64
-200
0
-200
0
1488
112
-200
0
-200
0
-200
0
-200
0
-200
0
-200
0
1488
224
-200
0
-200
0
-200
0
-200
0
-200
0
-200
0
1488
336
1504
0
-200
0
-200
0
-200
0
1504
64
-200
0
-200
0
1504
112
-200
0
-200
0
1504
160
-200
0
-200
0
-200
0
1504
224
-200
0
-200
0
-200
0
-200
0
-200
0
-200
0
1504
336
1520
0
-200
0
-200
0
-200
0
1520
64
-200
0
-200
0
1520
112
-200
0
-200
0
1520
160
1520
176
-200
0
-200
0
1520
224
1520
240
1520
256
1520
272
1520
288
-200
0
-200
0
1520
336
1536
0
-200
0
-200
0
-200
0
1536
64
-200
0
-200
0
1536
112
-200
0
-200
0
-200
0
1536
176
1536
192
-200
0
1536
224
1536
240
1536
256
1536
272
1536
288
-200
0
-200
0
1536
336
1552
0
-200
0
-200
0
-200
0
-200
0
-200
0
-200
0
1552
112
-200
0
-200
0
-200
0
-200
0
1552
192
1552
208
1552
224
-200
0
-200
0
-200
0
-200
0
-200
0
-200
0
1552
336
1568
0
-200
0
-200
0
-200
0
-200
0
-200
0
-200
0
1568
112
-200
0
-200
0
-200
0
-200
0
-200
0
1568
208
1568
224
-200
0
-200
0
-200
0
-200
0
-200
0
-200
0
1568
336
1584
0
-200
0
-200
0
-200
0
-200
0
-200
0
-200
0
1584
112
-200
0
-200
0
-200
0
-200
0
-200
0
-200
0
1584
224
-200
0
-200
0
-200
0
1584
288
-200
0
-200
0
1584
336
1600
0
-200
0
-200
0
-200
0
-200
0
-200
0
-200
0
1600
112
-200
0
-200
0
-200
0
-200
0
-200
0
-200
0
-200
0
-200
0
-200
0
-200
0
1600
288
-200
0
-200
0
1600
336
1616
0
-200
0
-200
0
-200
0
-200
0
-200
0
-200
0
1616
112
-200
0
-200
0
-200
0
-200
0
-200
0
-200
0
-200
0
-200
0
-200
0
-200
0
1616
288
1616
304
1616
320
1616
336
1632
0
1632
16
1632
32
1632
48
1632
64
-200
0
-200
0
1632
112
1632
128
1632
144
1632
160
1632
176
1632
192
1632
208
1632
224
1632
240
1632
256
1632
272
1632
288
1632
304
1632
320
1632
336
1648
0
1648
16
1648
32
1648
48
1648
64
-200
0
-200
0
1648
112
1648
128
1648
144
1648
160
1648
176
1648
192
1648
208
1648
224
1648
240
1648
256
1648
272
1648
288
1648
304
1648
320
1648
336
1664
0
1664
16
1664
32
1664
48
1664
64
1664
80
1664
96
1664
112
1664
128
1664
144
1664
160
1664
176
1664
192
1664
208
1664
224
1664
240
1664
256
1664
272
1664
288
1664
304
1664
320
1664
336
1680
0
1680
16
1680
32
1680
48
1680
64
1680
80
1680
96
1680
112
1680
128
1680
144
1680
160
1680
176
1680
192
1680
208
1680
224
1680
240
1680
256
1680
272
1680
288
1680
304
1680
320
1680
336
1696
0
1696
16
1696
32
1696
48
1696
64
1696
80
1696
96
1696
112
1696
128
1696
144
1696
160
1696
176
1696
192
1696
208
1696
224
1696
240
1696
256
1696
272
1696
288
1696
304
1696
320
1696
336
1712
0
1712
16
1712
32
1712
48
1712
64
1712
80
1712
96
1712
112
1712
128
1712
144
1712
160
1712
176
1712
192
1712
208
1712
224
1712
240
1712
256
1712
272
1712
288
1712
304
1712
320
1712
336
1728
0
1728
16
1728
32
1728
48
1728
64
1728
80
1728
96
1728
112
1728
128
1728
144
1728
160
1728
176
1728
192
1728
208
1728
224
1728
240
1728
256
1728
272
1728
288
1728
304
1728
320
1728
336
1744
0
1744
16
1744
32
1744
48
1744
64
1744
80
1744
96
1744
112
1744
128
1744
144
1744
160
1744
176
1744
192
1744
208
1744
224
1744
240
1744
256
1744
272
1744
288
1744
304
1744
320
1744
336
1760
0
1760
16
1760
32
1760
48
1760
64
1760
80
1760
96
1760
112
1760
128
1760
144
1760
160
1760
176
1760
192
1760
208
1760
224
1760
240
1760
256
1760
272
1760
288
1760
304
1760
320
1760
336
1776
0
1776
16
1776
32
1776
48
1776
64
1776
80
1776
96
1776
112
1776
128
1776
144
1776
160
1776
176
1776
192
1776
208
1776
224
1776
240
1776
256
1776
272
1776
288
1776
304
1776
320
1776
336
1792
0
1792
16
1792
32
1792
48
1792
64
1792
80
1792
96
1792
112
1792
128
1792
144
1792
160
1792
176
1792
192
1792
208
1792
224
1792
240
1792
256
1792
272
1792
288
1792
304
1792
320
1792
336
